pid,Assembly_No,Poll_No,Year,Candidate,Candidate_Type,State_Name,Constituency_Name,Constituency_Type,Party,Last_Party,Votes,Sex,Position,Contested,Turncoat,Incumbent,Vote_Share_Percentage,Margin,Margin_Percentage,Age,Alliance,Terms,Terms_Contested
AEMN198803,1,0,1967,H . KANGJAMBA,,Manipur,THANGA,GEN,SSP,,4571,M,2,1,FALSE,FALSE,36.64,3475,27.86,,,,1
AEMN200477,1,0,1967,K . CHAOBA,,Manipur,SEKMAI LAMSANG,GEN,INC,,4206,M,1,1,FALSE,FALSE,42.54,1620,16.38,,,1,1
AEMN200533,1,0,1967,ALIMUDDIN,,Manipur,LILONG,GEN,INC,,5199,M,1,1,FALSE,FALSE,39.09,215,1.62,,,1,1
AEMN200728,1,0,1967,K . GULAMJAT,,Manipur,MAYANG INPHAL,GEN,IND,,3438,M,2,1,FALSE,FALSE,26.81,443,3.45,,,,1
AEMN200743,1,0,1967,H . BARUNI,,Manipur,SINGJAMEI,GEN,INC,,2735,M,4,1,FALSE,FALSE,20.05,1968,14.42,,,,1
AEMN200745,1,0,1967,T . CHANDRASEKHOR,,Manipur,SINGJAMEI,GEN,SSP,,2896,M,3,1,FALSE,FALSE,21.23,161,1.18,,,,1
AEMN200940,1,0,1967,M . IBOHAL,,Manipur,SAGOLMANG,GEN,CPI,,3856,M,1,1,FALSE,FALSE,36.84,1588,15.17,,,1,1
AEMN200941,1,0,1967,T . B . SINGH,,Manipur,SAGOLMANG,GEN,INC,,2268,M,2,1,FALSE,FALSE,21.67,412,3.94,,,,1
AEMN200942,1,0,1967,L . BIRACHANDRA,,Manipur,SAGOLMANG,GEN,IND,,1856,M,3,1,FALSE,FALSE,17.73,977,9.33,,,,1
AEMN200943,1,0,1967,W . KULLO,,Manipur,SAGOLMANG,GEN,PSP,,879,M,4,1,FALSE,FALSE,8.4,94,0.9,,,,1
AEMN200944,1,0,1967,T . KOMLAJAO,,Manipur,SAGOLMANG,GEN,IND,,785,M,5,1,FALSE,FALSE,7.5,127,1.21,,,,1
AEMN200945,1,0,1967,Y. K . SINGH,,Manipur,SAGOLMANG,GEN,CPM,,658,M,6,1,FALSE,FALSE,6.29,494,4.72,,,,1
AEMN200946,1,0,1967,T . BOKUL,,Manipur,SAGOLMANG,GEN,IND,,164,M,7,1,FALSE,FALSE,1.57,0,0,,,,1
AEMN200947,1,0,1967,K . B . SHARMA,,Manipur,KHURAI,GEN,SSP,,4482,M,1,1,FALSE,FALSE,37.6,758,6.36,,,1,1
AEMN200948,1,0,1967,R . U . SINGH,,Manipur,KHURAI,GEN,INC,,3724,M,2,1,FALSE,FALSE,31.24,1383,11.6,,,,1
AEMN200949,1,0,1967,N . T . SINGH,,Manipur,KHURAI,GEN,IND,,2341,M,3,1,FALSE,FALSE,19.64,1502,12.6,,,,1
AEMN200950,1,0,1967,L . I . SINGH,,Manipur,KHURAI,GEN,IND,,839,M,4,1,FALSE,FALSE,7.04,480,4.03,,,,1
AEMN200951,1,0,1967,K . I . SINGH,,Manipur,KHURAI,GEN,CPM,,359,M,5,1,FALSE,FALSE,3.01,184,1.54,,,,1
AEMN200951,1,0,1967,K . I . SINGH,,Manipur,THOUBAL,GEN,IND,,1489,M,5,1,FALSE,FALSE,11.48,71,0.55,,,,1
AEMN200951,1,0,1967,K . I . SINGH,,Manipur,KHANGABOK,GEN,CPM,,216,M,5,1,FALSE,FALSE,1.74,82,0.66,,,,1
AEMN200952,1,0,1967,N . M . SINGH,,Manipur,KHURAI,GEN,IND,,175,M,6,1,FALSE,FALSE,1.47,0,0,,,,1
AEMN200953,1,0,1967,L . A . SINGH,,Manipur,WANGKHEI,GEN,SSP,,5110,M,1,1,FALSE,FALSE,40.37,229,1.81,,,1,1
AEMN200954,1,0,1967,W . I . SINGH,,Manipur,WANGKHEI,GEN,INC,,4881,M,2,1,FALSE,FALSE,38.56,3906,30.86,,,,1
AEMN200955,1,0,1967,Q . A . WAHID,,Manipur,WANGKHEI,GEN,IND,,975,M,3,1,FALSE,FALSE,7.7,54,0.43,,,,1
AEMN200956,1,0,1967,W . K . SINGH,,Manipur,WANGKHEI,GEN,PSP,,921,M,4,1,FALSE,FALSE,7.28,327,2.58,,,,1
AEMN200957,1,0,1967,A . S . SHARMA,,Manipur,WANGKHEI,GEN,IND,,594,M,5,1,FALSE,FALSE,4.69,417,3.29,,,,1
AEMN200958,1,0,1967,Y . B . SINGH,,Manipur,WANGKHEI,GEN,IND,,177,M,6,1,FALSE,FALSE,1.4,0,0,,,,1
AEMN200959,1,0,1967,S . A . SINGH,,Manipur,THOGJU,GEN,INC,,4465,M,1,1,FALSE,FALSE,35.97,214,1.72,,,1,1
AEMN200960,1,0,1967,H . S . SINGH,,Manipur,THOGJU,GEN,SSP,,4251,M,2,1,FALSE,FALSE,34.24,2234,18,,,,1
AEMN200961,1,0,1967,SULEIMAN,,Manipur,THOGJU,GEN,IND,,2017,M,3,1,FALSE,FALSE,16.25,1276,10.28,,,,1
AEMN200962,1,0,1967,T . T . SINGH,,Manipur,THOGJU,GEN,IND,,741,M,4,1,FALSE,FALSE,5.97,278,2.24,,,,1
AEMN200963,1,0,1967,M . G . SINGH,,Manipur,THOGJU,GEN,PSP,,463,M,5,1,FALSE,FALSE,3.73,202,1.63,,,,1
AEMN200964,1,0,1967,T . K . SINGH,,Manipur,THOGJU,GEN,IND,,261,M,6,1,FALSE,FALSE,2.1,84,0.68,,,,1
AEMN200965,1,0,1967,U . M . SINGH,,Manipur,THOGJU,GEN,IND,,177,M,7,1,FALSE,FALSE,1.43,138,1.11,,,,1
AEMN200966,1,0,1967,O . R . SINGH,,Manipur,THOGJU,GEN,IND,,39,M,8,1,FALSE,FALSE,0.31,0,0,,,,1
AEMN200967,1,0,1967,A . ALI,,Manipur,TOP CHINGTHA,GEN,IND,,3726,M,1,1,FALSE,FALSE,27.27,943,6.9,,,1,1
AEMN200968,1,0,1967,P . P . SINGH,,Manipur,TOP CHINGTHA,GEN,CPI,,2783,M,2,1,FALSE,FALSE,20.37,38,0.28,,,,1
AEMN200969,1,0,1967,N . N . SINGH,,Manipur,TOP CHINGTHA,GEN,INC,,2745,M,3,1,FALSE,FALSE,20.09,209,1.53,,,,1
AEMN200970,1,0,1967,K . K . SINGH,,Manipur,TOP CHINGTHA,GEN,IND,,2536,M,4,1,FALSE,FALSE,18.56,1752,12.82,,,,1
AEMN200971,1,0,1967,JAMKHOGIN,,Manipur,TOP CHINGTHA,GEN,IND,,784,M,5,1,FALSE,FALSE,5.74,276,2.02,,,,1
AEMN200972,1,0,1967,S . B . SINGH,,Manipur,TOP CHINGTHA,GEN,IND,,508,M,6,1,FALSE,FALSE,3.72,64,0.47,,,,1
AEMN200973,1,0,1967,S . K . SINGH,,Manipur,TOP CHINGTHA,GEN,CPM,,444,M,7,1,FALSE,FALSE,3.25,309,2.26,,,,1
AEMN200974,1,0,1967,T . G . SINGH,,Manipur,TOP CHINGTHA,GEN,IND,,135,M,8,1,FALSE,FALSE,0.99,0,0,,,,1
AEMN200975,1,0,1967,C . RAJMOHON,,Manipur,MAYANG INPHAL,GEN,IND,,4253,M,1,1,FALSE,FALSE,33.17,815,6.36,,,1,1
AEMN200977,1,0,1967,T . TOYAIMA,,Manipur,MAYANG INPHAL,GEN,INC,,2995,M,3,1,FALSE,FALSE,23.36,859,6.7,,,,1
AEMN200978,1,0,1967,SULEIMAN,,Manipur,MAYANG INPHAL,GEN,IND,,2136,M,4,1,FALSE,FALSE,16.66,0,0,,,,1
AEMN200979,1,0,1967,A . BIRAMANGOL,,Manipur,SINGJAMEI,GEN,IND,,3389,M,1,1,FALSE,FALSE,24.84,302,2.21,,,1,1
AEMN200980,1,0,1967,I . TOMPOK,,Manipur,SINGJAMEI,GEN,IND,,3087,M,2,1,FALSE,FALSE,22.63,191,1.4,,,,1
AEMN200983,1,0,1967,R . K . MANISANA,,Manipur,SINGJAMEI,GEN,IND,,767,M,5,1,FALSE,FALSE,5.62,72,0.53,,,,1
AEMN200984,1,0,1967,K . BABUSAHEB,,Manipur,SINGJAMEI,GEN,IND,,695,M,6,1,FALSE,FALSE,5.09,620,4.54,,,,1
AEMN200985,1,0,1967,S . BIRA,,Manipur,SINGJAMEI,GEN,IND,,75,M,7,1,FALSE,FALSE,0.55,0,0,,,,1
AEMN200986,1,0,1967,S . GAMBHIR,,Manipur,SAGOLBAND,GEN,INC,,6595,M,1,1,FALSE,FALSE,52,507,4,,,1,1
AEMN200987,1,0,1967,N . IBOMCHA,,Manipur,SAGOLBAND,GEN,IND,,6088,M,2,1,FALSE,FALSE,48,0,0,,,,1
AEMN200988,1,0,1967,L . THAMBOU,,Manipur,KEISAMTHONG,GEN,INC,,4488,M,1,1,FALSE,FALSE,33.54,183,1.37,,,1,1
AEMN200989,1,0,1967,L . MANAOBI,,Manipur,KEISAMTHONG,GEN,IND,,4305,M,2,1,FALSE,FALSE,32.17,828,6.19,,,,1
AEMN200990,1,0,1967,L . KULLACHANDRA,,Manipur,KEISAMTHONG,GEN,IND,,3477,M,3,1,FALSE,FALSE,25.99,2531,18.92,,,,1
AEMN200991,1,0,1967,R . K . MANISANA,,Manipur,KEISAMTHONG,GEN,IND,,946,M,4,1,FALSE,FALSE,7.07,782,5.84,,,,1
AEMN200992,1,0,1967,S . TOLEMNACHA,,Manipur,KEISAMTHONG,GEN,IND,,164,M,5,1,FALSE,FALSE,1.23,0,0,,,,1
AEMN200993,1,0,1967,N . TOMBI,,Manipur,URIPOK THANGMEIBAND,GEN,INC,,5841,M,1,1,FALSE,FALSE,53,3295,29.9,,,1,1
AEMN200994,1,0,1967,R . K . UPENDRA,,Manipur,URIPOK THANGMEIBAND,GEN,SSP,,2546,M,2,1,FALSE,FALSE,23.1,471,4.27,,,,1
AEMN200995,1,0,1967,N . TOMPOK,,Manipur,URIPOK THANGMEIBAND,GEN,IND,,2075,M,3,1,FALSE,FALSE,18.83,1516,13.76,,,,1
AEMN200996,1,0,1967,S . INDRAMANI,,Manipur,URIPOK THANGMEIBAND,GEN,IND,,559,M,4,1,FALSE,FALSE,5.07,0,0,,,,1
AEMN200997,1,0,1967,S . TOMBI,,Manipur,KONTHOUJAM,GEN,INC,,4522,M,1,1,FALSE,FALSE,39.28,225,1.95,,,1,1
AEMN200998,1,0,1967,A . KULLACHANDRA,,Manipur,KONTHOUJAM,GEN,IND,,4297,M,2,1,FALSE,FALSE,37.32,1853,16.09,,,,1
AEMN200999,1,0,1967,T . BABU,,Manipur,KONTHOUJAM,GEN,CPI,,2444,M,3,1,FALSE,FALSE,21.23,2282,19.82,,,,1
AEMN201000,1,0,1967,H . KONDO,,Manipur,KONTHOUJAM,GEN,IND,,162,M,4,1,FALSE,FALSE,1.41,74,0.64,,,,1
AEMN201001,1,0,1967,Y . TOMBA,,Manipur,KONTHOUJAM,GEN,IND,,88,M,5,1,FALSE,FALSE,0.76,0,0,,,,1
AEMN201003,1,0,1967,K . JUGESHWRO,,Manipur,SEKMAI LAMSANG,GEN,CPI,,2586,M,2,1,FALSE,FALSE,26.15,385,3.89,,,,1
AEMN201004,1,0,1967,K . AMBIKA,,Manipur,SEKMAI LAMSANG,GEN,IND,,2201,M,3,1,FALSE,FALSE,22.26,1306,13.21,,,,1
AEMN201005,1,0,1967,A . NGANBA,,Manipur,SEKMAI LAMSANG,GEN,IND,,895,M,4,1,FALSE,FALSE,9.05,0,0,,,,1
AEMN201006,1,0,1967,Y . YAIMA,,Manipur,NAMOOL,GEN,IND,,6084,M,1,1,FALSE,FALSE,45.7,2331,17.51,,,1,1
AEMN201007,1,0,1967,S . SHARMA,,Manipur,NAMOOL,GEN,INC,,3753,M,2,1,FALSE,FALSE,28.19,1618,12.15,,,,1
AEMN201008,1,0,1967,K . KEITOMBI,,Manipur,NAMOOL,GEN,CPI,,2135,M,3,1,FALSE,FALSE,16.04,1378,10.35,,,,1
AEMN201009,1,0,1967,O . L . ROTON,,Manipur,NAMOOL,GEN,IND,,757,M,4,1,FALSE,FALSE,5.69,172,1.29,,,,1
AEMN201010,1,0,1967,A . ANGAHAL,,Manipur,NAMOOL,GEN,IND,,585,M,5,1,FALSE,FALSE,4.39,0,0,,,,1
AEMN201011,1,0,1967,L . IBOMCHA,,Manipur,BISHENPUR,GEN,INC,,5784,M,1,1,FALSE,FALSE,46.24,2457,19.64,,,1,1
AEMN201012,1,0,1967,A . KETUKI,,Manipur,BISHENPUR,GEN,SSP,,3327,M,2,1,FALSE,FALSE,26.59,107,0.86,,,,1
AEMN201013,1,0,1967,M . NILACHANDRA,,Manipur,BISHENPUR,GEN,IND,,3220,M,3,1,FALSE,FALSE,25.74,3041,24.31,,,,1
AEMN201014,1,0,1967,S . ANGOUBA,,Manipur,BISHENPUR,GEN,IND,,179,M,4,1,FALSE,FALSE,1.43,0,0,,,,1
AEMN201015,1,0,1967,M . K . SINGH,,Manipur,THANGA,GEN,INC,,5823,M,1,1,FALSE,FALSE,46.68,1252,10.04,,,1,1
AEMN201017,1,0,1967,IBOCHA,,Manipur,THANGA,GEN,IND,,1096,M,3,1,FALSE,FALSE,8.79,395,3.17,,,,1
AEMN201018,1,0,1967,K . MANIANGOU,,Manipur,THANGA,GEN,IND,,701,M,4,1,FALSE,FALSE,5.62,417,3.34,,,,1
AEMN201019,1,0,1967,BHANU,,Manipur,THANGA,GEN,IND,,284,M,5,1,FALSE,FALSE,2.28,0,0,,,,1
AEMN201021,1,0,1967,H . RAHAMAN,,Manipur,LILONG,GEN,IND,,4984,M,2,1,FALSE,FALSE,37.48,1868,14.05,,,,1
AEMN201022,1,0,1967,T . JATRA,,Manipur,LILONG,GEN,IND,,3116,M,3,1,FALSE,FALSE,23.43,0,0,,,,1
AEMN201023,1,0,1967,W . MANI,,Manipur,THOUBAL,GEN,INC,,2943,M,1,1,FALSE,FALSE,22.69,397,3.06,,,1,1
AEMN201024,1,0,1967,L . CHAOYAIMA,,Manipur,THOUBAL,GEN,IND,,2546,M,2,1,FALSE,FALSE,19.63,138,1.06,,,,1
AEMN201025,1,0,1967,A . IBOMCHA,,Manipur,THOUBAL,GEN,IND,,2408,M,3,1,FALSE,FALSE,18.56,735,5.67,,,,1
AEMN201026,1,0,1967,S . CHOURJIT,,Manipur,THOUBAL,GEN,IND,,1673,M,4,1,FALSE,FALSE,12.9,184,1.42,,,,1
AEMN201028,1,0,1967,W . NIMAICHAND,,Manipur,THOUBAL,GEN,IND,,1418,M,6,1,FALSE,FALSE,10.93,1002,7.72,,,,1
AEMN201029,1,0,1967,N . KALA,,Manipur,THOUBAL,GEN,CPM,,416,M,7,1,FALSE,FALSE,3.21,336,2.59,,,,1
AEMN201030,1,0,1967,A . JUGESWOR,,Manipur,THOUBAL,GEN,PSP,,80,M,8,1,FALSE,FALSE,0.62,0,0,,,,1
AEMN201031,1,0,1967,M . CHAOBA,,Manipur,KHANGABOK,GEN,INC,,4380,M,1,1,FALSE,FALSE,35.29,320,2.58,,,1,1
AEMN201032,1,0,1967,T . ACHOUBA,,Manipur,KHANGABOK,GEN,IND,,4060,M,2,1,FALSE,FALSE,32.71,802,6.46,,,,1
AEMN201033,1,0,1967,T . BIRA,,Manipur,KHANGABOK,GEN,CPI,,3258,M,3,1,FALSE,FALSE,26.25,2991,24.1,,,,1
AEMN201034,1,0,1967,N . NITYAI,,Manipur,KHANGABOK,GEN,IND,,267,M,4,1,FALSE,FALSE,2.15,51,0.41,,,,1
AEMN201036,1,0,1967,T . CHAKRABATI,,Manipur,KHANGABOK,GEN,IND,,134,M,6,1,FALSE,FALSE,1.08,38,0.31,,,,1
AEMN201037,1,0,1967,L . N . SINGH,,Manipur,KHANGABOK,GEN,IND,,96,M,7,1,FALSE,FALSE,0.77,0,0,,,,1
AEMN201038,1,0,1967,Y . NIMAI,,Manipur,KAKCHING,GEN,SSP,,5095,M,1,1,FALSE,FALSE,36.71,1604,11.56,,,1,1
AEMN201039,1,0,1967,M . IBOTOMBI,,Manipur,KAKCHING,GEN,INC,,3491,M,2,1,FALSE,FALSE,25.15,923,6.65,,,,1
AEMN201040,1,0,1967,N . J . SINGH,,Manipur,KAKCHING,GEN,IND,,2568,M,3,1,FALSE,FALSE,18.5,692,4.99,,,,1
AEMN201041,1,0,1967,L . KHOMDON,,Manipur,KAKCHING,GEN,IND,,1876,M,4,1,FALSE,FALSE,13.52,1027,7.4,,,,1
AEMN201042,1,0,1967,N . KOMLA,,Manipur,KAKCHING,GEN,IND,,849,M,5,1,FALSE,FALSE,6.12,0,0,,,,1
AEMN201043,1,0,1967,T . ANOUBI,,Manipur,HIYANGLAM SUGNOO,GEN,SSP,,3120,M,1,1,FALSE,FALSE,23.93,417,3.2,,,1,1
AEMN201044,1,0,1967,N . KANHAI,,Manipur,HIYANGLAM SUGNOO,GEN,INC,,2703,M,2,1,FALSE,FALSE,20.73,929,7.13,,,,1
AEMN201045,1,0,1967,K . N . SINGH,,Manipur,HIYANGLAM SUGNOO,GEN,IND,,1774,M,3,1,FALSE,FALSE,13.61,111,0.85,,,,1
AEMN201046,1,0,1967,E . BIRAMANI,,Manipur,HIYANGLAM SUGNOO,GEN,IND,,1663,M,4,1,FALSE,FALSE,12.76,169,1.3,,,,1
AEMN201047,1,0,1967,E . GANDHA,,Manipur,HIYANGLAM SUGNOO,GEN,IND,,1494,M,5,1,FALSE,FALSE,11.46,331,2.54,,,,1
AEMN201048,1,0,1967,E . NODI,,Manipur,HIYANGLAM SUGNOO,GEN,IND,,1163,M,6,1,FALSE,FALSE,8.92,217,1.66,,,,1
AEMN201049,1,0,1967,H . AMUCHOU,,Manipur,HIYANGLAM SUGNOO,GEN,IND,,946,M,7,1,FALSE,FALSE,7.26,847,6.5,,,,1
AEMN201050,1,0,1967,M . APABI,,Manipur,HIYANGLAM SUGNOO,GEN,IND,,99,M,8,1,FALSE,FALSE,0.76,25,0.19,,,,1
AEMN201051,1,0,1967,K . IBOHAL,,Manipur,HIYANGLAM SUGNOO,GEN,PSP,,74,M,9,1,FALSE,FALSE,0.57,0,0,,,,1
AEMN201052,1,0,1967,PAOKHOHANG,,Manipur,TENGNOUPAL,ST,IND,,2603,M,1,1,FALSE,FALSE,30.89,204,2.42,,,1,1
AEMN201053,1,0,1967,K . LEITHIL,,Manipur,TENGNOUPAL,ST,IND,,2399,M,2,1,FALSE,FALSE,28.46,793,9.41,,,,1
AEMN201054,1,0,1967,S . K . NEISHEIL,,Manipur,TENGNOUPAL,ST,IND,,1606,M,3,1,FALSE,FALSE,19.06,63,0.75,,,,1
AEMN201055,1,0,1967,N . MONO,,Manipur,TENGNOUPAL,ST,IND,,1543,M,4,1,FALSE,FALSE,18.31,1266,15.02,,,,1
AEMN201056,1,0,1967,K . HRANGBUNG,,Manipur,TENGNOUPAL,ST,INC,,277,M,5,1,FALSE,FALSE,3.29,0,0,,,,1
AEMN201057,1,0,1967,K . ENVEY,,Manipur,PHUNGYAR PHAISHA,ST,INC,,3247,M,1,1,FALSE,FALSE,66.21,2397,48.88,,,1,1
AEMN201058,1,0,1967,H . L . KIM,,Manipur,PHUNGYAR PHAISHA,ST,IND,,850,M,2,1,FALSE,FALSE,17.33,43,0.88,,,,1
AEMN201059,1,0,1967,B . S . JAMES,,Manipur,PHUNGYAR PHAISHA,ST,SSP,,807,M,3,1,FALSE,FALSE,16.46,0,0,,,,1
AEMN201060,1,0,1967,L . SOLOMON,,Manipur,UKHRUL,ST,INC,,2995,M,1,1,FALSE,FALSE,87.01,2548,74.03,,,1,1
AEMN201061,1,0,1967,P . MINGTHING,,Manipur,UKHRUL,ST,IND,,447,M,2,1,FALSE,FALSE,12.99,0,0,,,,1
AEMN201062,1,0,1967,SHOUKHOTHANG,,Manipur,MAO EAST,ST,IND,,848,M,1,1,FALSE,FALSE,52.87,116,7.23,,,1,1
AEMN201063,1,0,1967,S . LARBO,,Manipur,MAO EAST,ST,IND,,732,M,2,1,FALSE,FALSE,45.64,708,44.14,,,,1
AEMN201064,1,0,1967,L . KIPGEN,,Manipur,MAO EAST,ST,IND,,24,M,3,1,FALSE,FALSE,1.5,0,0,,,,1
AEMN201065,1,0,1967,S . LARHO,,Manipur,MAO WEST,ST,INC,,0,M,1,1,FALSE,FALSE,,0,,,,1,1
AEMN201066,1,0,1967,D . KIPGEN,,Manipur,TAMEI,ST,IND,,1621,M,1,1,FALSE,FALSE,45.87,324,9.17,,,1,1
AEMN201067,1,0,1967,H . NGAILERT,,Manipur,TAMEI,ST,IND,,1297,M,2,1,FALSE,FALSE,36.7,945,26.74,,,,1
AEMN201068,1,0,1967,K . AMABA,,Manipur,TAMEI,ST,IND,,352,M,3,1,FALSE,FALSE,9.96,137,3.88,,,,1
AEMN201069,1,0,1967,D . ATHIBA,,Manipur,TAMEI,ST,INC,,215,M,4,1,FALSE,FALSE,6.08,166,4.7,,,,1
AEMN201070,1,0,1967,A . KABUI,,Manipur,TAMEI,ST,IND,,49,M,5,1,FALSE,FALSE,1.39,0,0,,,,1
AEMN201071,1,0,1967,KAKHANGAI,,Manipur,TAMENGLONG,ST,IND,,622,M,1,1,FALSE,FALSE,50.04,226,18.18,,,1,1
AEMN201072,1,0,1967,A . M . TUNDAS,,Manipur,TAMENGLONG,ST,INC,,396,M,2,1,FALSE,FALSE,31.86,231,18.58,,,,1
AEMN201073,1,0,1967,R . MATHIUHOM,,Manipur,TAMENGLONG,ST,IND,,165,M,3,1,FALSE,FALSE,13.27,125,10.06,,,,1
AEMN201074,1,0,1967,NOLENDRO,,Manipur,TAMENGLONG,ST,SSP,,40,M,4,1,FALSE,FALSE,3.22,20,1.61,,,,1
AEMN201075,1,0,1967,HUMANNANG,,Manipur,TAMENGLONG,ST,IND,,20,M,5,1,FALSE,FALSE,1.61,0,0,,,,1
AEMN201076,1,0,1967,S . B . SINGH,,Manipur,JIRIBAM,GEN,INC,,4536,M,1,1,FALSE,FALSE,37.86,2235,18.65,,,1,1
AEMN201077,1,0,1967,S . HRANGCHAL,,Manipur,JIRIBAM,GEN,IND,,2301,M,2,1,FALSE,FALSE,19.21,457,3.81,,,,1
AEMN201078,1,0,1967,TAIVEL,,Manipur,JIRIBAM,GEN,IND,,1844,M,3,1,FALSE,FALSE,15.39,251,2.09,,,,1
AEMN201079,1,0,1967,M . T . AHMED,,Manipur,JIRIBAM,GEN,IND,,1593,M,4,1,FALSE,FALSE,13.3,724,6.04,,,,1
AEMN201080,1,0,1967,DAMKHOSAT,,Manipur,JIRIBAM,GEN,IND,,869,M,5,1,FALSE,FALSE,7.25,306,2.55,,,,1
AEMN201081,1,0,1967,J . BARDHAN,,Manipur,JIRIBAM,GEN,IND,,563,M,6,1,FALSE,FALSE,4.7,288,2.4,,,,1
AEMN201082,1,0,1967,S . I . J . SHARMA,,Manipur,JIRIBAM,GEN,SSP,,275,M,7,1,FALSE,FALSE,2.3,0,0,,,,1
AEMN201083,1,0,1967,GOUKHENPAO,,Manipur,THANLON,ST,INC,,4198,M,1,1,FALSE,FALSE,31.87,706,5.36,,,1,1
AEMN201084,1,0,1967,PIANGCHINKHAN,,Manipur,THANLON,ST,IND,,3492,M,2,1,FALSE,FALSE,26.51,842,6.39,,,,1
AEMN201085,1,0,1967,THANGKHUPERENG,,Manipur,THANLON,ST,IND,,2650,M,3,1,FALSE,FALSE,20.12,1068,8.11,,,,1
AEMN201086,1,0,1967,KAMKHANTHANG,,Manipur,THANLON,ST,IND,,1582,M,4,1,FALSE,FALSE,12.01,595,4.52,,,,1
AEMN201087,1,0,1967,VUNGKHOM,,Manipur,THANLON,ST,IND,,987,M,5,1,FALSE,FALSE,7.49,725,5.5,,,,1
AEMN201088,1,0,1967,JAIKUNGA,,Manipur,THANLON,ST,IND,,262,M,6,1,FALSE,FALSE,1.99,0,0,,,,1
AEMN201089,1,0,1967,LALROUKUNG,,Manipur,CHURACHANDPUR,ST,IND,,3558,M,1,1,FALSE,FALSE,25.89,904,6.58,,,1,1
AEMN201090,1,0,1967,SEMKHUPAU,,Manipur,CHURACHANDPUR,ST,IND,,2654,M,2,1,FALSE,FALSE,19.31,11,0.08,,,,1
AEMN201091,1,0,1967,H . THONGJOM,,Manipur,CHURACHANDPUR,ST,IND,,2643,M,3,1,FALSE,FALSE,19.23,544,3.96,,,,1
AEMN201092,1,0,1967,PAUNEIKHAI,,Manipur,CHURACHANDPUR,ST,INC,,2099,M,4,1,FALSE,FALSE,15.28,213,1.55,,,,1
AEMN201093,1,0,1967,SOMKHOLAL,,Manipur,CHURACHANDPUR,ST,IND,,1886,M,5,1,FALSE,FALSE,13.73,1293,9.41,,,,1
AEMN201094,1,0,1967,R . SENA,,Manipur,CHURACHANDPUR,ST,IND,,593,M,6,1,FALSE,FALSE,4.32,285,2.07,,,,1
AEMN201095,1,0,1967,K . A . KHAIJANG,,Manipur,CHURACHANDPUR,ST,IND,,308,M,7,1,FALSE,FALSE,2.24,0,0,,,,1
